0.83 -0.94 0.75
-0.85 -0.45 -0.09
-0.26 -1.0 -0.09
-1.3 0.77 -1.28
1.61 -2.78 0.07
0.1 0.1 -0.68
-1.08 -0.71 -0.95
0.92 0.09 -0.75
0.15 -1.36 -1.24
-1.09 0.04 -0.25
2.17 -0.9 2.79
0.19 -0.73 -0.09
-0.63 1.59 2.05
-0.74 0.09 0.45
0.29 0.17 1.65
0.82 -0.35 0.22
1.31 0.57 -0.75
-0.11 0.49 -0.23
-0.46 -1.54 -1.26
0.82 -0.52 -1.05
-1.08 0.85 -0.79
0.42 1.3 -0.77
-0.5 -1.15 -0.08
-1.74 0.79 -2.29
1.33 0.02 0.16
0.16 1.13 0.32
1.22 1.26 -1.36
-0.56 0.51 -0.49
-1.33 0.62 -1.12
-1.16 0.08 -0.63
1.88 4.67 1.98
4.84 4.02 3.28
2.22 2.65 2.06
1.99 1.72 1.58
1.99 2.5 2.8
3.15 2.94 2.38
3.24 4.03 1.7
4.24 1.93 4.37
2.84 3.46 3.68
3.13 3.07 5.03
3.31 4.15 0.55
5.1 3.27 4.29
0.89 3.19 3.92
2.43 1.58 4.11
3.16 2.76 2.48
3.26 5.45 2.13
4.0 2.61 2.82
3.72 2.71 3.39
2.51 3.19 4.1
1.78 2.95 2.83
3.31 2.07 4.58
2.66 3.58 2.55
3.72 3.4 3.85
4.35 2.69 3.15
2.7 1.69 5.07
2.2 3.43 3.25
3.7 2.29 3.72
4.61 2.63 3.41
2.71 3.24 2.78
4.39 2.19 4.21
-1.57 -3.03 -3.44
-2.01 -3.16 -2.36
-2.29 -2.39 -2.36
-2.84 -3.83 -1.36
-3.34 -4.14 -1.44
-3.21 -2.16 -3.16
-4.88 -2.11 -1.73
-2.38 -3.73 -1.79
-2.6 -3.63 -2.56
-2.84 -3.52 -4.33
-3.44 -4.02 -4.42
-4.64 -1.81 -1.24
-2.63 -2.52 -3.28
-1.35 -1.73 -1.48
-3.8 -2.93 -2.66
-3.65 -2.62 -1.82
-3.92 -2.54 -0.88
-4.75 -2.34 -3.33
-5.17 -4.26 -2.96
-1.77 -2.32 -3.82
-3.95 -4.47 -0.87
-2.89 -4.06 -3.28
-4.0 -2.27 -3.08
-0.42 -2.3 -3.92
-2.28 -4.56 -5.0
-2.65 -2.92 -2.47
-3.78 -1.43 -3.76
-2.49 -2.77 -2.43
-3.17 -3.33 -3.44
-3.72 -4.13 -1.13
-2.95 -3.71 -3.58
-4.37 -5.55 -2.76
-1.06 -3.75 -2.93
-2.84 -2.43 -2.12
-2.9 -3.41 -3.25
-3.02 -3.13 -1.7
-2.93 -2.55 -3.21
-2.78 -4.3 -2.78
-5.06 -4.31 -4.15
-1.7 -4.81 -4.72
