-0.9100 2.0866
3.0164 -3.6157
-7.0240 2.8139
4.5483 8.7223
5.3120 -3.9187
6.3918 9.0598
-8.7040 -9.0033
-1.8126 -3.5025
-9.7584 -4.8083
-1.5637 0.4592
0.0930 -1.3284
1.7938 -9.4430
-1.9383 1.4218
-1.1837 6.3780
5.3060 -3.5662
-3.4889 1.4147
3.5880 8.0565
-2.1134 5.4100
-6.9935 1.2440
-4.9591 5.6073
-6.3364 9.6044
7.8958 -6.3774
9.0460 1.9687
-5.6817 7.1710
-4.0141 6.4853
0.4716 -1.2389
-3.3700 -9.2015
-5.4638 -8.9585
4.5692 9.9271
-4.9423 4.2943
-0.2261 -7.0404
-7.6125 1.1199
-2.6315 -4.1983
-6.0892 3.4836
-3.9695 -3.9614
-9.6840 1.5471
-7.3677 4.4615
-8.1167 -6.3053
-7.8092 -6.0117
-4.4878 -0.7959
7.3549 5.0464
-6.5280 -6.1570
-9.4079 -6.8544
-6.0586 -1.2687
-1.9244 -8.4916
2.8534 3.6290
8.3154 -7.9543
-6.2832 -6.0557
-4.9974 1.8236
6.3342 -1.7338
7.6773 2.5951
-9.7073 7.8049
-9.3088 4.6459
-0.4027 -8.1977
5.6624 4.1575
-9.5286 -9.2799
7.6461 1.9674
8.5614 4.8400
4.2825 -8.8060
-8.8789 -3.4702
-0.8173 1.7428
5.8647 3.6748
-6.5935 -7.9706
-6.7749 -9.1104
-8.4670 8.3518
8.8635 -8.2440
-8.0465 -5.5210
-8.4373 -9.2943
3.8277 5.9996
-2.9546 1.3768
4.3373 9.2458
3.1178 -6.8161
7.0655 -0.1415
8.5873 -2.7088
-4.9250 -5.4906
-4.2085 8.4252
-6.5003 -3.9085
-1.8023 0.5271
0.6986 7.0665
0.4491 8.7476
3.3675 -4.4625
0.1518 -9.4165
3.5814 -7.5254
1.7110 6.7620
-0.6474 4.6961
-1.7691 -6.5227
1.4929 8.2702
-5.8827 2.9580
8.3607 -1.3949
-1.2322 4.6243
-7.6953 1.9607
-3.7379 -8.0654
-9.7428 -5.1701
4.2494 -5.9138
9.8989 7.5654
-3.9080 1.8857
1.8505 5.0572
-5.8903 3.4683
7.0912 4.4809
1.3913 0.2504
4.9699 -2.2909
0.0093 -3.8182
8.6295 -6.5757
1.5328 -0.7423
-8.3067 0.5705
-9.9568 -8.6072
-1.1867 -0.9051
2.2268 -4.3727
4.5261 2.3239
-4.9056 1.1414
-6.7015 -2.8650
3.1206 4.9012
-8.2060 -7.0177
7.2785 0.5571
7.8100 2.6570
-0.3071 7.0386
-1.6183 1.6471
6.1668 4.8906
5.3158 -9.8699
7.2426 2.5991
-2.9615 -1.3828
-0.4266 -2.1763
-0.0866 2.2026
9.1582 -2.7201
0.0097 -0.2153
6.0556 3.8596
-0.8752 -2.2814
-5.0970 -7.1471
2.4202 2.0840
-7.1746 -3.4003
-2.7794 -2.6856
9.3163 8.1289
5.8296 4.3194
-8.9943 -3.4611
-9.9064 -4.6910
-3.5274 6.8420
-2.9074 -5.3577
3.6345 -6.1613
7.9598 7.7639
6.3513 -8.4745
-0.1088 -7.8369
-3.5934 -2.9888
-4.5868 1.5647
-0.5519 5.8278
-0.0685 8.9162
3.2280 2.6938
-9.3105 -8.6248
4.8238 1.1483
-4.0681 -8.1350
-7.7236 -4.4899
-7.1115 -3.8378
9.6372 -6.4420
-7.0910 -7.0115
7.8906 1.3403
7.7347 -7.1932
-3.3818 6.5537
-0.1356 -0.4692
0.4184 8.2074
-8.0086 -3.0398
-5.6292 7.6858
-7.6972 5.7417
-9.5544 3.6081
-5.9264 2.0747
-0.3332 3.4179
-3.4787 1.9966
2.7794 4.7245
-3.6488 -9.7204
-9.0047 -6.9125
5.8941 2.7655
-5.0980 5.5945
3.7854 -0.6166
-9.5078 7.5357
5.1114 -1.1798
6.4399 -6.7926
7.2067 -0.2910
-5.0160 5.0019
-6.4840 7.4388
2.6869 -1.8267
-1.0456 5.2473
0.4529 9.9717
-7.6977 -8.1517
2.6240 -7.1632
-4.0990 -3.1710
2.1394 0.9649
-9.2115 -2.7886
1.6624 8.3078
7.1352 -8.1593
4.6541 1.2310
-7.8206 -2.8735
8.9230 -3.3490
7.1811 -3.7891
3.3352 -8.3545
7.2243 -1.1561
-4.8563 -5.3851
8.9134 0.4144
-1.0862 8.9206
9.1266 0.4269
3.2529 6.3353
8.1616 -2.1456
3.5011 -9.1070
1.6453 5.1518
-5.1714 7.8832
-3.7243 5.7506
-2.2879 3.8733
8.2880 9.1211
1.1053 6.5104
5.2294 -1.1006
-7.4237 3.5785
1.4414 -6.0610
9.8535 -3.5717
-0.6740 -4.5249
1.1256 9.4609
-9.7216 -3.0342
-8.5803 -9.8377
7.2109 -8.1723
3.0512 8.5653
3.4497 -6.7182
8.8393 4.0022
7.8994 -4.8541
2.5360 9.0430
4.4519 -1.0631
6.5205 8.2158
2.7807 -0.8305
6.3247 7.3411
-6.5039 -9.8965
5.8969 -8.1684
3.9234 8.3605
-7.2227 9.0295
-9.8295 -7.5229
-3.0028 -4.9895
-5.0280 4.7137
9.7463 -9.4251
3.2486 -7.6440
1.4282 -9.3280
4.0479 -0.2837
-5.8955 -3.0688
-4.0685 -6.2032
6.7572 3.6735
-2.8294 -4.2837
-0.1374 2.6089
8.4163 8.0534
0.5523 1.1503
-5.1193 -7.4562
-6.1472 -2.7557
-2.4805 -0.3027
-8.5856 -2.3799
7.4273 4.8273
1.7988 2.4003
-7.6127 0.1317
-3.9869 2.9115
-6.0550 -4.5882
0.4759 7.8917
4.2591 -5.9947
3.2810 6.8136
0.1739 4.7177
-3.9598 3.7387
-3.6963 7.0748
4.8028 -0.1227
-5.3685 -9.4868
-7.6773 -3.4319
2.0587 -7.3428
9.1862 -7.6407
9.4662 5.1817
-8.1316 -9.6727
-1.9803 -9.7998
-4.5771 -2.3631
-7.6906 -5.8141
-8.6635 -8.9386
0.1269 4.1833
9.2240 3.4763
8.9165 7.1885
-2.1454 5.4371
7.4607 -7.0487
-2.9781 -2.1274
3.7366 0.4297
-5.2516 0.4095
9.5845 2.9125
1.9982 8.8355
-6.2271 -3.3523
7.0554 6.3535
8.8926 -8.3871
-8.0646 9.8512
-2.1038 -5.4981
8.9885 -7.7508
-5.2509 5.6345
-8.6027 -4.0584
-8.5920 5.8120
-6.6804 -0.1536
6.2708 -9.9640
-6.3704 9.8413
-1.8083 -2.1201
2.5652 4.5625
-9.7752 -9.0203
7.0832 -2.9957
3.4069 9.7641
2.7079 -1.3120
7.9616 1.4173
-2.5821 -2.5344
-2.1672 -3.7338
-6.0986 8.8625
3.1911 1.2782
9.8613 1.6127
-6.3943 -5.2704
-3.3830 -5.4824
-8.2645 -7.7646
-9.9732 5.1053
-8.8158 9.0655
-3.1977 -1.3904
-6.8288 1.0231
3.8674 1.1733
-0.3857 4.6136
7.9359 -0.0637
8.9649 -8.9447
1.9922 7.4941
-4.7656 -3.3261
0.6454 -9.1166
9.8415 4.0026
8.6897 -6.9507
-8.3565 7.8158
6.8869 -4.2399
-0.1474 -4.9315
1.1924 8.8568
-8.1449 -8.9997
-5.3559 -3.8416
4.6401 -8.3666
7.1853 8.6764
7.5459 9.0843
-3.5166 -6.6832
4.3042 7.0924
6.5001 7.4803
1.3428 4.6253
-0.2336 9.4709
-7.6284 -7.4091
-3.7041 1.0752
-1.2813 0.3737
-9.9949 -0.9814
-2.2282 -1.3948
-5.2314 -3.1755
-7.5353 -5.0466
-3.1667 8.3396
4.7048 -3.9755
-5.5486 0.0745
2.1812 4.9566
8.4428 0.3006
5.4698 6.1001
1.7523 -8.8321
-8.1558 4.1910
7.8825 9.3010
7.7238 -1.2007
7.9272 7.4044
-1.2354 -0.6586
-9.7809 -5.8536
-1.8357 7.3940
5.3780 -6.1590
-6.1291 6.0214
-3.2256 -7.0830
5.7519 8.3777
-2.6944 -3.6018
8.9415 -9.8514
4.7775 8.0315
-9.0706 -9.3672
-2.8081 -3.7294
-6.2987 0.7499
2.2092 7.8787
-0.8123 3.0863
5.4299 9.2578
4.4826 -3.6198
3.7866 9.1926
8.4963 -8.2945
6.1080 3.3214
6.4817 8.2283
2.5457 2.4095
-0.4652 3.6898
-4.5682 -7.5183
4.0843 1.8376
7.8172 9.3125
3.6384 -5.8821
1.0086 -6.4469
6.7544 -8.5145
4.0367 8.0681
-8.1875 -0.8224
-5.0205 9.4388
8.0369 -3.4929
3.9907 4.7616
-3.8397 -5.3584
-4.9709 -8.1086
8.1571 -9.3946
3.0144 8.9702
8.0176 -8.4248
-8.8052 1.7939
-9.5013 -8.8386
2.4471 -4.9852
3.5175 -7.9678
2.3347 -0.0808
-4.4880 3.6264
-5.6062 4.0850
7.8415 -8.9831
-2.2451 -6.6885
-7.9954 1.0689
-3.5311 -7.0728
-8.6506 4.2638
8.2482 6.0742
2.1009 8.6506
-8.7168 -0.8284
2.1340 6.4396
-8.7935 8.1271
8.8575 4.3344
3.7044 4.9012
9.2796 6.2777
-9.9149 -3.4066
7.0137 2.7935
1.0660 0.0581
8.1342 -9.0871
-7.5679 -8.0939
-5.4127 8.9005
-1.6083 3.9019
-8.0232 -0.3860
-8.8398 0.7968
8.2062 6.8126
4.4630 -6.9433
0.9831 9.3434
6.1889 -9.2830
9.4326 -9.9639
-9.4232 4.4118
-1.1778 -8.3609
-0.7835 -3.0052
6.1400 3.7292
0.0763 -4.0198
1.6146 6.8615
1.1620 -8.6409
6.6988 2.4804
8.1777 -2.2916
-2.9547 4.6732
-7.7213 -3.3521
-2.3013 1.3022
-6.3378 8.9537
-1.2373 3.4239
7.1683 7.3239
-8.9741 -4.7705
5.1406 9.8673
9.4094 -0.4595
-5.9451 -4.6685
-9.7285 3.6602
9.8928 7.4325
8.6958 -8.2649
-2.7351 5.4699
-6.4572 4.4632
3.6560 1.4592
-4.7312 -8.1069
-8.1412 -3.3554
-6.9225 -0.3510
-7.4916 -6.0510
-6.3954 -3.7579
-5.0020 9.1062
1.6918 7.2951
1.4215 4.1512
-2.9965 -4.2265
-6.7998 0.8671
-5.3256 -4.5136
-2.6903 -8.9319
-2.9232 1.7091
9.3900 -0.1865
5.2650 2.9200
0.5803 9.0996
-8.7628 -8.0422
0.6572 9.3475
-8.4468 -1.3552
-1.1994 -9.8185
-5.1444 7.1923
5.6319 7.7755
8.0866 8.3201
3.4498 -1.4345
-1.9407 -7.7204
-7.3778 0.7602
-9.1605 -3.9672
-8.6271 -1.0586
4.0165 1.9099
2.0306 -0.3101
2.0280 -5.0307
-2.0811 9.9641
-1.8446 2.7853
2.0308 5.0917
7.6399 -2.5970
-5.7016 -9.3332
2.4555 4.8442
-8.7446 7.8108
0.4552 -0.1709
3.1751 7.4826
6.5145 8.5002
-5.4787 -9.2956
5.8716 0.3692
0.0350 5.6878
-7.6012 2.8177
5.5946 -9.1962
1.8641 -0.2685
9.1603 2.0153
2.7978 -4.7385
-0.3486 -2.8329
8.3212 -8.7540
1.6346 8.4578
