1.0000 0.0000
0.9980 0.0634
0.9920 0.1266
0.9819 0.1893
0.9679 0.2511
0.9501 0.3120
0.9284 0.3717
0.9029 0.4298
0.8738 0.4862
0.8413 0.5406
0.8053 0.5929
0.7660 0.6428
0.7237 0.6901
0.6785 0.7346
0.6306 0.7761
0.5801 0.8146
0.5272 0.8497
0.4723 0.8815
0.4154 0.9096
0.3569 0.9341
0.2969 0.9549
0.2358 0.9718
0.1736 0.9848
0.1108 0.9938
0.0476 0.9989
-0.0159 0.9999
-0.0792 0.9969
-0.1423 0.9898
-0.2048 0.9788
-0.2665 0.9638
-0.3271 0.9450
-0.3863 0.9224
-0.4441 0.8960
-0.5000 0.8660
-0.5539 0.8326
-0.6056 0.7958
-0.6549 0.7557
-0.7015 0.7127
-0.7453 0.6668
-0.7861 0.6182
-0.8237 0.5671
-0.8580 0.5137
-0.8888 0.4582
-0.9161 0.4009
-0.9397 0.3420
-0.9595 0.2817
-0.9754 0.2203
-0.9874 0.1580
-0.9955 0.0951
-0.9995 0.0317
-0.9995 -0.0317
-0.9955 -0.0951
-0.9874 -0.1580
-0.9754 -0.2203
-0.9595 -0.2817
-0.9397 -0.3420
-0.9161 -0.4009
-0.8888 -0.4582
-0.8580 -0.5137
-0.8237 -0.5671
-0.7861 -0.6182
-0.7453 -0.6668
-0.7015 -0.7127
-0.6549 -0.7557
-0.6056 -0.7958
-0.5539 -0.8326
-0.5000 -0.8660
-0.4441 -0.8960
-0.3863 -0.9224
-0.3271 -0.9450
-0.2665 -0.9638
-0.2048 -0.9788
-0.1423 -0.9898
-0.0792 -0.9969
-0.0159 -0.9999
0.0476 -0.9989
0.1108 -0.9938
0.1736 -0.9848
0.2358 -0.9718
0.2969 -0.9549
0.3569 -0.9341
0.4154 -0.9096
0.4723 -0.8815
0.5272 -0.8497
0.5801 -0.8146
0.6306 -0.7761
0.6785 -0.7346
0.7237 -0.6901
0.7660 -0.6428
0.8053 -0.5929
0.8413 -0.5406
0.8738 -0.4862
0.9029 -0.4298
0.9284 -0.3717
0.9501 -0.3120
0.9679 -0.2511
0.9819 -0.1893
0.9920 -0.1266
0.9980 -0.0634
1.0000 -0.0000
0.5000 -3.0000
0.5101 -2.8734
0.5202 -2.7489
0.5303 -2.6283
0.5404 -2.5138
0.5505 -2.4071
0.5606 -2.3099
0.5707 -2.2239
0.5808 -2.1503
0.5909 -2.0904
0.6010 -2.0451
0.6111 -2.0152
0.6212 -2.0011
0.6313 -2.0031
0.6414 -2.0212
0.6515 -2.0550
0.6616 -2.1040
0.6717 -2.1674
0.6818 -2.2443
0.6919 -2.3332
0.7020 -2.4329
0.7121 -2.5418
0.7222 -2.6580
0.7323 -2.7797
0.7424 -2.9049
0.7525 -3.0317
0.7626 -3.1580
0.7727 -3.2817
0.7828 -3.4009
0.7929 -3.5137
0.8030 -3.6182
0.8131 -3.7127
0.8232 -3.7958
0.8333 -3.8660
0.8434 -3.9224
0.8535 -3.9638
0.8636 -3.9898
0.8737 -3.9999
0.8838 -3.9938
0.8939 -3.9718
0.9040 -3.9341
0.9141 -3.8815
0.9242 -3.8146
0.9343 -3.7346
0.9444 -3.6428
0.9545 -3.5406
0.9646 -3.4298
0.9747 -3.3120
0.9848 -3.1893
0.9949 -3.0634
1.0051 -2.9366
1.0152 -2.8107
1.0253 -2.6880
1.0354 -2.5702
1.0455 -2.4594
1.0556 -2.3572
1.0657 -2.2654
1.0758 -2.1854
1.0859 -2.1185
1.0960 -2.0659
1.1061 -2.0282
1.1162 -2.0062
1.1263 -2.0001
1.1364 -2.0102
1.1465 -2.0362
1.1566 -2.0776
1.1667 -2.1340
1.1768 -2.2042
1.1869 -2.2873
1.1970 -2.3818
1.2071 -2.4863
1.2172 -2.5991
1.2273 -2.7183
1.2374 -2.8420
1.2475 -2.9683
1.2576 -3.0951
1.2677 -3.2203
1.2778 -3.3420
1.2879 -3.4582
1.2980 -3.5671
1.3081 -3.6668
1.3182 -3.7557
1.3283 -3.8326
1.3384 -3.8960
1.3485 -3.9450
1.3586 -3.9788
1.3687 -3.9969
1.3788 -3.9989
1.3889 -3.9848
1.3990 -3.9549
1.4091 -3.9096
1.4192 -3.8497
1.4293 -3.7761
1.4394 -3.6901
1.4495 -3.5929
1.4596 -3.4862
1.4697 -3.3717
1.4798 -3.2511
1.4899 -3.1266
1.5000 -3.0000
0.7636 -1.7842
-0.0062 1.8185
0.0840 0.8294
0.3535 1.2212
0.4783 -1.3470
1.3271 1.1255
1.9458 -1.6201
-0.2799 0.3408
0.3253 0.3701
-1.4243 0.5937
0.0419 -0.4680
-0.3140 0.3807
1.5537 1.0058
-0.6914 -0.5153
1.1950 1.3361
1.4063 0.3893
-1.6346 1.4152
-0.8886 -1.0757
-1.6826 1.9301
-1.8795 0.1592
1.3676 1.4877
1.6141 -1.8075
-1.2776 -0.0191
-1.5773 -0.8348
-1.6947 -1.8497
1.1046 1.7271
-0.3791 -0.1199
1.0071 1.9250
1.4899 -0.7878
-0.3851 -1.0559
1.5965 -0.0170
0.6758 0.6016
0.8170 1.5769
0.9849 -0.6360
-0.7841 -1.8186
-0.4931 -0.7683
1.3738 0.0166
-0.2420 0.8799
-0.8075 -1.3564
-1.4762 1.5654
-1.9901 -1.2308
-0.5874 -0.9388
-1.1988 0.4833
0.8387 -1.9911
-0.8740 -0.0309
-1.4302 0.7962
0.5226 -1.1886
0.4933 0.3731
-1.9944 -1.3869
-0.7390 -1.2440
-1.0000 -2.7056
-0.9997 -2.7008
-0.9980 -2.6865
-0.9932 -2.6634
-0.9842 -2.6326
-0.9696 -2.5957
-0.9486 -2.5542
-0.9206 -2.5102
-0.8850 -2.4658
-0.8419 -2.4231
-0.7915 -2.3840
-0.7343 -2.3506
-0.6713 -2.3243
-0.6034 -2.3066
-0.5323 -2.2985
-0.4593 -2.3005
-0.3862 -2.3129
-0.3149 -2.3355
-0.2471 -2.3679
-0.1845 -2.4093
-0.1290 -2.4587
-0.0819 -2.5149
-0.0445 -2.5767
-0.0180 -2.6427
-0.0030 -2.7116
0.0000 -2.7823
-0.0090 -2.8537
-0.0299 -2.9249
-0.0619 -2.9953
-0.1043 -3.0644
-0.1558 -3.1319
-0.2150 -3.1976
-0.2804 -3.2615
-0.3502 -3.3238
-0.4227 -3.3846
-0.4959 -3.4439
-0.5682 -3.5019
-0.6379 -3.5586
-0.7035 -3.6139
-0.7637 -3.6676
-0.8176 -3.7194
-0.8644 -3.7687
-0.9037 -3.8151
-0.9355 -3.8578
-0.9600 -3.8961
-0.9776 -3.9294
-0.9893 -3.9570
-0.9961 -3.9782
-0.9991 -3.9927
-1.0000 -4.0000
-1.0000 -4.0000
-1.0009 -3.9927
-1.0039 -3.9782
-1.0107 -3.9570
-1.0224 -3.9294
-1.0400 -3.8961
-1.0645 -3.8578
-1.0963 -3.8151
-1.1356 -3.7687
-1.1824 -3.7194
-1.2363 -3.6676
-1.2965 -3.6139
-1.3621 -3.5586
-1.4318 -3.5019
-1.5041 -3.4439
-1.5773 -3.3846
-1.6498 -3.3238
-1.7196 -3.2615
-1.7850 -3.1976
-1.8442 -3.1319
-1.8957 -3.0644
-1.9381 -2.9953
-1.9701 -2.9249
-1.9910 -2.8537
-2.0000 -2.7823
-1.9970 -2.7116
-1.9820 -2.6427
-1.9555 -2.5767
-1.9181 -2.5149
-1.8710 -2.4587
-1.8155 -2.4093
-1.7529 -2.3679
-1.6851 -2.3355
-1.6138 -2.3129
-1.5407 -2.3005
-1.4677 -2.2985
-1.3966 -2.3066
-1.3287 -2.3243
-1.2657 -2.3506
-1.2085 -2.3840
-1.1581 -2.4231
-1.1150 -2.4658
-1.0794 -2.5102
-1.0514 -2.5542
-1.0304 -2.5957
-1.0158 -2.6326
-1.0068 -2.6634
-1.0020 -2.6865
-1.0003 -2.7008
-1.0000 -2.7056
0.4095 -2.7958
-0.4501 -0.8242
-1.3727 -2.2153
-1.8819 -1.4988
0.1529 -1.0567
1.8406 -1.6712
1.1261 -1.8482
1.6361 -3.3949
-1.0312 -0.7589
-0.1301 -2.3147
-0.4914 -3.0577
1.3941 -2.3349
-1.1631 -1.2631
-1.3071 -1.3874
-1.5530 -3.6735
-0.3983 -1.6758
0.2953 -2.3547
-1.3798 -1.1654
-0.5401 -1.8384
-1.4492 -0.5117
-0.9725 -2.6414
0.1010 -2.7847
-0.8105 -2.6763
-0.7594 -2.9500
0.4816 -2.0884
0.3751 -3.7581
-1.5475 -0.7383
0.4688 -3.3701
-1.6994 -0.7559
-0.7591 -1.4292
1.8153 -3.4604
-0.0873 -0.0575
-1.4934 -3.1571
-1.0127 -3.8918
-0.4315 -3.1383
-1.1844 -0.8620
-1.9204 -0.9879
-1.8259 -0.8972
-0.0414 -0.9280
-0.0497 -0.5583
-0.9721 -3.4297
-1.6240 -2.0534
-0.0848 -2.7179
-0.0848 -2.7179
-0.2322 -3.0079
0.7004 -3.1310
-0.2445 -2.4245
1.7204 -1.2939
1.5253 -2.1852
0.0554 -2.2928