1.3347 -0.7518
0.6017 -1.6103
0.1165 -0.441
0.9761 1.0593
-1.274 0.165
0.315 1.4083
0.6948 -1.1044
-0.4039 0.4984
0.1249 0.3128
1.5665 -1.852
-0.2251 1.7911
-0.2162 -0.3607
-0.2088 0.6663
1.363 -0.0189
-0.1902 -1.31
-1.0622 0.7152
-1.5714 -0.9431
-0.3357 -1.5034
0.4025 -0.3758
-0.0526 1.2075
0.4395 0.1826
0.2219 1.102
-1.2882 -1.1022
0.8134 -0.6512
1.0987 1.2285
-0.6248 -1.2241
-1.0945 -0.2783
-1.9046 -0.5731
-1.0164 -0.4846
-0.1915 0.3967
0.8987 -0.0354
-0.7863 0.4386
0.1515 0.757
-2.0393 -0.6957
-1.9927 0.3331
0.3168 0.3219
2.1057 1.3348
-0.828 -1.5101
0.1385 0.4158
-0.2611 1.6508
0.4755 0.7346
-0.4867 0.3542
0.6727 -0.4794
0.6297 2.5787
1.8464 0.911
-0.0523 -0.9978
-1.521 0.0613
0.4523 0.6861
-1.2698 2.5619
-0.2904 1.1161
3.7861 4.0442
4.6716 3.716
2.1054 3.1052
2.9911 3.3715
3.454 2.657
3.3665 2.5422
4.3818 2.4807
3.7139 2.7375
3.009 1.9959
3.3935 3.3096
3.7508 4.4147
2.585 5.3308
2.4912 1.879
2.9623 2.3606
3.2359 3.0347
1.7461 3.3873
2.2584 2.4146
4.2741 2.6876
0.9779 2.2064
3.7668 2.5197
4.2499 3.7262
0.5207 3.732
2.0599 3.324
2.621 1.5783
3.1555 1.5969
4.2214 4.2693
2.3762 1.4469
1.6175 3.7991
3.4162 1.8982
3.3972 4.0106
1.9394 3.5794
1.966 2.1
1.1281 3.0281
5.4256 4.4013
1.8711 2.1357
3.4519 2.0332
3.4338 3.2377
5.7002 3.5674
3.929 2.2849
3.1815 4.2541
2.8102 2.6525
4.3501 5.0378
2.1313 2.9167
2.4413 2.9769
2.9925 2.1241
3.6399 1.509
2.0477 3.4905
2.5352 3.6373
3.0056 2.1994
3.4008 4.4565
-3.8814 -2.8261
-3.5864 -2.2909
-4.0673 -3.1859
-2.8072 -4.2206
-4.0812 -2.1991
-4.6563 -3.2608
-3.7407 -3.1398
-4.0447 -2.2368
-3.1059 -4.3322
-4.2754 -1.5621
-4.3366 -3.7998
-1.9843 -2.0504
-5.7316 -0.789
-2.4105 -5.0368
-2.3902 -3.572
-2.1642 -3.1442
-3.2638 -0.8671
-2.8669 -2.6996
-3.9138 -1.7305
-1.6889 -2.6559
-4.6196 -2.0691
-2.384 -1.7112
-3.7808 -3.4517
-2.2158 -2.782
-2.3613 -1.9518
-3.8375 -4.0367
-4.1975 -2.458
-3.1377 -1.4051
-1.9787 -3.0573
-3.5523 -3.1435
-3.0167 -3.163
-1.9159 -3.2092
-2.502 -2.4465
-2.7898 -4.5426
-3.7673 -1.6147
-4.3704 -1.5213
-4.852 -0.9407
-2.711 -4.037
-3.9482 -2.4862
-3.2373 -3.0832
-2.7421 -2.3624
-3.6784 -3.1829
-1.8361 -3.8282
-2.5078 -3.8882
-3.3535 -3.6346
-2.8412 -1.6553
-1.9625 -2.7621
-4.5218 -2.3176
-2.7496 -2.9239
-3.1798 -2.7529

